t 0.25
10 0 -35 0
15 0 35 0
t 0.25
10 0 -35 0
11 0 -30 0
15 0 35 0
16 0 30 0
t 0.25
10 0 -35 0
15 0 35 0
t 0.25
t 0.25
1 0 0 -10
2 0 0 -20
3 0 0 -10
18 0 0 10
19 0 0 20
20 0 0 20
t 0.25
t 0.25
1 -70 10 0
2 -50 10 0
3 120 0 0
4 0 20 0
9 20 0 0
10 0 -10 0
11 0 -40 0
12 0 -20 10
14 20 0 0
15 10 30 0
16 10 20 0
18 -60 -10 0
19 -50 -20 0
20 100 -10 -20
21 0 0 0
t 0.25
t 0.25
1 -50 20 0
2 -20 10 0
3 -20 0 0
4 20 0 0
10 -10 0 0
15 30 0 0
18 50 -10 0
19 20 -10 0
20 30 0 0
21 30 -20 0
t 0.25
t 0.25
1 40 20 0
2 20 10 0
3 20 0 0
4 50 0 0
10 20 0 0
15 -20 0 0
18 -50 -10 0
19 -20 -10 0
20 -30 0 0
21 20 -20 0
t 0.25
1 -50 20 0
2 -20 10 0
3 -20 0 0
4 20 0 0
10 -10 0 0
15 30 0 0
18 50 -10 0
19 20 -10 0
20 30 0 0
21 30 -20 0
t 0.25
t 0.25
1 40 20 0
2 20 10 0
3 20 0 0
4 50 0 0
10 20 0 0
15 -20 0 0
18 -50 -10 0
19 -20 -10 0
20 -30 0 0
21 20 -20 0
t 0.25
1 -50 20 0
2 -20 10 0
3 -20 0 0
4 20 0 0
10 -10 0 0
15 30 0 0
18 50 -10 0
19 20 -10 0
20 30 0 0
21 30 -20 0
t 0.25
t 0.25
1 40 20 0
2 20 10 0
3 20 0 0
4 50 0 0
10 20 0 0
15 -20 0 0
18 -50 -10 0
19 -20 -10 0
20 -30 0 0
21 20 -20 0
t 0.25
1 -50 20 0
2 -20 10 0
3 -20 0 0
4 20 0 0
10 -10 0 0
15 30 0 0
18 50 -10 0
19 20 -10 0
20 30 0 0
21 30 -20 0
t 0.25
t 0.25
1 40 20 0
2 20 10 0
3 20 0 0
4 50 0 0
10 20 0 0
15 -20 0 0
18 -50 -10 0
19 -20 -10 0
20 -30 0 0
21 20 -20 0
t 0.25